1.0050000000000014e-23          1.7805317322465754e+18    -0.8210876219262465          1.7149684621687304e+18    -0.7996386403972457          1.974683319058906e+18    -0.8488574751865728          2.7473938948920463e+18    -0.7189745473681111          1.801299562558438e+18    -0.8247959759622008          2.966023499329412e+18    -0.5572093605450212          1.2182920162284723e+18    -0.8392336411052053          9.959919854525844e+17    -0.8304012304913089
1.0050000000000014e-21          1.7805317322465754e+18    -0.8210876219262465          1.7149684621687304e+18    -0.7996386403972457          1.974683319058906e+18    -0.8488574751865728          2.7473938948920463e+18    -0.7189745473681111          1.801299562558438e+18    -0.8247959759622008          2.966023499329412e+18    -0.5572093605450212          1.2182920162284723e+18    -0.8392336411052053          9.959919854525844e+17    -0.8304012304913089
1.015763962386702e-21          5.027586392759468e+17    -0.5093596093921107          3.544262956994985e+17    -0.5736534970714974          7.07625896636121e+17    -0.5186764102254361          1.1369776499104364e+18    -0.7202072687368781          5.1480902826712e+17    -0.5182179035644218          9.21745750948306e+17    -0.5781102646195476          3.7898572482754643e+17    -0.5683475027306588          2.8730290105851648e+17    -0.5366671179229389
1.0266408012652375e-21          4.813980866702006e+17    -0.4908719573444952          3.2839218083265696e+17    -0.5181271678988949          6.69067140866015e+17    -0.5245116769393972          1.0489251499330566e+18    -0.7571486443041245          4.903711692371811e+17    -0.5019098937128101          7.934341338528207e+17    -0.5014225123068206          3.6231707970012934e+17    -0.5628101539276518          2.8348992892748378e+17    -0.5396096882757991
1.0376316745197034e-21          4.692402913201835e+17    -0.504522150974284          3.244748077375703e+17    -0.5163793883831699          6.408006008967268e+17    -0.5502246831152806          1.0045133217155813e+18    -0.7945877599652229          4.767673545128757e+17    -0.5158840502638781          7.785162737959757e+17    -0.4852568200189477          3.500445988761211e+17    -0.574850760299332          2.788404747774192e+17    -0.5531545963123803
1.0487377516411608e-21          4.566901115196772e+17    -0.5189229240516992          3.212495767959144e+17    -0.5243925152726646          6.142735483171201e+17    -0.5755968042840365          9.694036259063736e+17    -0.8261073909964175          4.635971124148324e+17    -0.5302327837428632          7.916152478021923e+17    -0.5471076568381393          3.375367232164825e+17    -0.58655855440451          2.7255531434386074e+17    -0.5644877026598281
1.0599602138412883e-21          4.435630623036691e+17    -0.5320910535741592          3.169158240161487e+17    -0.5345029773228916          5.880981600206609e+17    -0.6011121770663295          9.380680885383498e+17    -0.8531438650255198          4.502189353498064e+17    -0.5434194326589759          7.92634586703882e+17    -0.5892437323455899          3.2465326677632525e+17    -0.597058918995391          2.653786792728327e+17    -0.5735514826042961
1.0713002541671475e-21          4.291694731953462e+17    -0.5452745756608891          3.112590592120879e+17    -0.5450929323630235          5.598033113734538e+17    -0.6302855881047956          9.074102861609166e+17    -0.87900564782649          4.357696195380974e+17    -0.5567600137465563          7.90253265821201e+17    -0.6213366496213443          3.1071499660536557e+17    -0.6073899935157225          2.575288152740203e+17    -0.5814829375151606
1.0827590776167385e-21          4.119348400951369e+17    -0.560510609449929          3.0405779296256115e+17    -0.5557703533185285          5.242484793016854e+17    -0.6709146444317603          8.726864607662886e+17    -0.9091260799266159          4.186018300886306e+17    -0.5723290683849385          7.86358584157893e+17    -0.6486002946423075          2.943478073550895e+17    -0.619157386453123          2.4873322325983347e+17    -0.5890169449622505
1.0943379012560412e-21          3.846179832284748e+17    -0.5857677569783608          2.94510604313922e+17    -0.5669815506258112          4.4482138511229875e+17    -0.7820622825098338          7.219005419868851e+17    -1.0511687090350859          3.912585477984991e+17    -0.5984839073762784          7.815799246582134e+17    -0.6732116301439454          2.7078222194176557e+17    -0.6374891892089362          2.3744666317250688e+17    -0.5976391998257262
1.1060379543368643e-21          3.368486850393034e+17    -0.6383033415594014          2.8159937463992893e+17    -0.5790624256057145          3.020736016279112e+17    -1.011797909973952          6.898412699055427e+17    -1.0774302150586321          3.435235437700662e+17    -0.6522587719946031          7.761647669780763e+17    -0.6963043882201675          2.332879730468924e+17    -0.6754985204741586          2.198805680988108e+17    -0.6115143736065186
1.1178604784159768e-21          3.0007618226211405e+17    -0.6889983170937983          2.678358116911366e+17    -0.5902957526460243          2.575311527890005e+17    -1.0577269487646892          6.6616153600474e+17    -1.095362864550984          3.083993288114509e+17    -0.7007740073232828          7.702542847368686e+17    -0.7182583325796962          2.0175928503967475e+17    -0.7198410933336433          1.9898660202908227e+17    -0.6327900634366063
1.1298067274754125e-21          2.7383139125759795e+17    -0.7312591640630338          2.565724087675446e+17    -0.599343135091348          2.3325257617294134e+17    -1.0635127115231409          6.460556119568709e+17    -1.1095991974231505          2.8334181495389088e+17    -0.7405224298427945          7.639545829054706e+17    -0.7387986096396819          1.8027591886748586e+17    -0.7570520669980446          1.8268610278370045e+17    -0.6553462160228842
1.1418779680437191e-21          2.5217059957599062e+17    -0.7698745950239458          2.4698863341459866e+17    -0.6074121953437803          2.168571892819275e+17    -1.0555860373669566          6.28450744028169e+17    -1.1211401660272553          2.6267735456660608e+17    -0.7764489715940318          7.573774348065014e+17    -0.7573290303446947          1.638980714359578e+17    -0.7884975056775305          1.6923772782165373e+17    -0.678794325849358
1.154075479318563e-21          2.3332440893636218e+17    -0.8058050136638656          2.3866249509529283e+17    -0.6148377316545304          2.0508467464165654e+17    -1.0429414925787308          6.123210560300564e+17    -1.1310760122646135          2.446143762033851e+17    -0.8099522956762089          7.506121207214386e+17    -0.7734600659722477          1.5058316246744845e+17    -0.8150252825909197          1.5726633791092138e+17    -0.7037394632300062
1.1664005532904772e-21          2.1646769798429574e+17    -0.8391620239859053          2.310692496589999e+17    -0.6220659156254784          1.9582637861564966e+17    -1.028790153058972          5.971209562024306e+17    -1.1399888976817842          2.2833379293134525e+17    -0.841395031732029          7.437175178675048e+17    -0.78705956737622          1.3971318352406286e+17    -0.8362479668419852          1.462945405237388e+17    -0.7299034908529887
1.1788544948676043e-21          2.0187988296780003e+17    -0.8680496858196043          2.2393160353310266e+17    -0.6293486643801396          1.881315167507751e+17    -1.0142155673604856          5.831642226286711e+17    -1.1475183170134386          2.1400593754345136e+17    -0.8693605687999598          7.367218598369572e+17    -0.7987085456987891          1.305856245453866e+17    -0.852821345274329          1.356296995715514e+17    -0.7582968695577749
1.191438622001915e-21          1.8895139181538685e+17    -0.8928853108994418          2.1721725244242694e+17    -0.6366749255535101          1.818164157206367e+17    -1.0007369302845188          5.697978305792462e+17    -1.1543975021862571          2.0125760524552704e+17    -0.8938647164163217          7.296175459878854e+17    -0.8089824315731162          1.2263125261404933e+17    -0.8655704074344666          1.2609725028811701e+17    -0.7856913210726207
1.204154265816338e-21          1.77162949799371e+17    -0.9141125328401546          2.1092958570254704e+17    -0.6439662680110109          1.7632992070281782e+17    -0.988027651397186          5.571761395019995e+17    -1.1604719951839715          1.894471438723329e+17    -0.9157291840971417          7.224050752764796e+17    -0.8182588680921518          1.159194928609305e+17    -0.8742809276607978          1.169030540489704e+17    -0.8136036707376962
1.217002770733291e-21          1.67254615962933e+17    -0.9298175158977346          2.046700042045491e+17    -0.6518075741234176          1.71495659006535e+17    -0.9761394519886074          5.451972402726491e+17    -1.1658745950343365          1.7937520408368112e+17    -0.9327682166344157          7.151623443744617e+17    -0.8261645975597147          1.1018817845137254e+17    -0.8797001552162869          1.08627423631125e+17    -0.8391219039875064
1.2299854946044577e-21          1.582293498827092e+17    -0.9419829045816067          1.9869510571699677e+17    -0.6597728417112031          1.6727049553745405e+17    -0.9655744616113863          5.3363675001244774e+17    -1.1708676220288512          1.701376250134811e+17    -0.9467320364096986          7.078154724252603e+17    -0.8335980664466326          1.0511312549048619e+17    -0.8825822193435714          1.0124108478927269e+17    -0.861384458000154
1.2431038088415395e-21          1.5048457475518774e+17    -0.9499557154482512          1.9285209079411222e+17    -0.6681288771759465          1.633916058056285e+17    -0.9555537435692203          5.227489861796867e+17    -1.1752165108847592          1.620703495022575e+17    -0.9568920752821783          7.004098488833001e+17    -0.8404097993223302          1.0081107492426877e+17    -0.8833341540485449          9.448155887399995e+16    -0.8805859578352715
1.256359098548566e-21          1.4358796469966109e+17    -0.9548498592969955          1.870295362409606e+17    -0.6770600658106838          1.5994285122803814e+17    -0.9467529242420298          5.1208623581948525e+17    -1.1793956188497854          1.548761569848114e+17    -0.9640086790049359          6.92987756507196e+17    -0.846564030147399          9.69008053557396e+16    -0.8825008111325989          8.861191011394627e+16    -0.8954701304693368
1.2697527626553386e-21          1.3756077361435418e+17    -0.9570719293850907          1.8148776264891085e+17    -0.6860698016255307          1.567175496353863e+17    -0.9384004758363323          5.020537884233703e+17    -1.1830283662023415          1.4851251082697968e+17    -0.9683841094230938          6.855450860775675e+17    -0.8522127852145244          9.358527841702944e+16    -0.8806279421461584          8.37465422060161e+16    -0.9058967713033995
1.2832862140520149e-21          1.3218116827843246e+17    -0.9572144290176797          1.7583526542350208e+17    -0.695960829078419          1.5380122553440054e+17    -0.9310784706268065          4.717935782055872e+17    -1.193271839235278          1.428497725187915e+17    -0.9704881372691837          6.78147150140099e+17    -0.8572409880468899          9.051482484435912e+16    -0.8777752711136522          7.932422434817366e+16    -0.9130102164356049
1.2969608797251231e-21          1.2746845840538602e+17    -0.9558325106584201          1.705311696800669e+17    -0.7056785544267362          1.510624103886788e+17    -0.9242215182829098          4.585498637167609e+17    -1.2002478984893559          1.3783576625293498e+17    -0.9708322427201027          6.70886551995318e+17    -0.8614291065397451          8.788862321761237e+16    -0.8746254170028779          7.565702375515934e+16    -0.9168476815458086
1.310778200894959e-21          1.2312962385760602e+17    -0.9532289518119197          1.6511779497474762e+17    -0.7163043233208826          1.485083566471629e+17    -0.9179544871872259          4.462918164622387e+17    -1.2075699489121985          1.3324556802923282e+17    -0.9697894321519783          6.637306549470607e+17    -0.8650727807829492          8.542165744351262e+16    -0.8710117598673859          7.243801525550142e+16    -0.9187682423951659
1.324739633153944e-21          1.1938000975244934e+17    -0.9500468970769725          1.599444274005123e+17    -0.7269479678701961          1.461365368226398e+17    -0.912357983430542          4.3499852777933075e+17    -1.2163549431344196          1.2924692937010992e+17    -0.9678244480453657          6.56587776039111e+17    -0.8685852784686082          8.324428982575733e+16    -0.8673395599604646          6.9544520479951976e+16    -0.9192339008720707
1.338846646606713e-21          1.1585170123459789e+17    -0.9461216986868181          1.548294920580043e+17    -0.7380486229976417          1.4387154709252144e+17    -0.9070378561622833          4.2429580615065837e+17    -1.225221974747968          1.2548450161995322e+17    -0.96499298981987          6.494507858190177e+17    -0.8720143625228499          8.123630226216077e+16    -0.8636124679845358          6.6900479853878024e+16    -0.9179682225455187
1.3531007260111455e-21          1.1283002818608416e+17    -0.9422757844461929          1.4988086561224794e+17    -0.7492576444004257          1.4179582372529517e+17    -0.9025650337473654          4.1439339094642925e+17    -1.234336163020167          1.2228598412109502e+17    -0.9619727971836415          6.423160152313148e+17    -0.8753905270937243          7.940045983712589e+16    -0.8598974031021652          6.476954400294782e+16    -0.9160748273439223
1.3675033709210235e-21          1.1003454888664296e+17    -0.9382817648496492          1.4522878990885942e+17    -0.7600870769210686          1.3983200590290859e+17    -0.8985025939649448          4.048288447136518e+17    -1.2429674739492642          1.1933474654775274e+17    -0.9586908978512448          6.351740741103949e+17    -0.8787462012130507          7.77507504651753e+16    -0.8564655240140298          6.281111116569565e+16    -0.9138883867060357
1.3820560958299945e-21          1.0763501329937544e+17    -0.93472655541605          1.4092023858046843e+17    -0.7702585728221222          1.380105497878346e+17    -0.8951334439395995          3.973754485364686e+17    -1.2502637841052002          1.1677728704497789e+17    -0.9556501638784488          6.280194610116828e+17    -0.8821075497776575          7.624972508549712e+16    -0.8532681533372569          6.102293506968891e+16    -0.9108907037288754
1.3967604303166718e-21          1.0543821495956168e+17    -0.9313603090954143          1.3703313394066342e+17    -0.7794394678585879          1.3627689402760056e+17    -0.8921330911887241          3.9088775938970784e+17    -1.2555620128665126          1.1443047472243883e+17    -0.9526969532087414          6.208416732571432e+17    -0.8855054901347019          7.490957857744173e+16    -0.8504586553527166          5.937656190851132e+16    -0.9077809315821981
1.4116179191913792e-21          1.0336994917098922e+17    -0.9280502169798347          1.3332148514545579e+17    -0.7883195236322549          1.3460829296965158e+17    -0.8893324554165201          3.8503220149373786e+17    -1.2597013804165407          1.1223113493026726e+17    -0.9497228255435144          6.136285778818307e+17    -0.8889711082270281          7.367026248949216e+16    -0.8478865547736801          5.787484528122184e+16    -0.9045572181388675
1.426630122644268e-21          1.0141511600320349e+17    -0.9247594695138427          1.296797508401182e+17    -0.7972169748804455          1.3298645107801582e+17    -0.886660359681832          3.7987085441052224e+17    -1.2613112838038298          1.1013652845284093e+17    -0.9467127617411593          6.06365688933073e+17    -0.8925404533067479          7.248555774453336e+16    -0.8453814091740587          5.657191777991469e+16    -0.9014323929377019
1.4417986163945585e-21          9.954294313350334e+16    -0.9214810790905038          1.2610209587398949e+17    -0.8061335355503713          1.3140671693039725e+17    -0.8840968248632985          3.753862552637798e+17    -1.261660723844025          1.0813310361130656e+17    -0.943673757810608          5.224950848238858e+17    -1.0224211752687082          7.1349374454077976e+16    -0.8429355494643108          5.5322915232450616e+16    -0.8983167257697664
1.4571249918414946e-21          9.77452649057093e+16    -0.9182128652886715          1.2259404843438834e+17    -0.8150607584586054          1.2986620204352786e+17    -0.881626631210086          3.712294416727036e+17    -1.260808332762001          1.062083241369993e+17    -0.9406082799014087          4.935897102400575e+17    -1.0655081747399173          7.02561388805612e+16    -0.8405402591834835          5.416169909580772e+16    -0.8950061551741304
1.472610856216757e-21          9.601436938968987e+16    -0.9149506858858628          1.1913637755090693e+17    -0.8240056143644163          1.2836364773568e+17    -0.8792381850844962          3.672490994585009e+17    -1.2588781690119022          1.0435423608695656e+17    -0.9375164066902527          4.567397895988166e+17    -1.132371597009238          6.9203806849110184e+16    -0.8381900885279243          5.301363125916108e+16    -0.8916204585866994
1.4882578327379e-21          9.43418902095035e+16    -0.9116884320266866          1.1572429697707118e+17    -0.8329591025076624          1.2689760209876371e+17    -0.8769192977509508          3.630853979718423e+17    -1.2555357321597063          1.0257371933386298e+17    -0.9343962926218646          4.34318949580177e+17    -1.1769793392120909          6.8185298357376616e+16    -0.8358721242503289          5.208980813655896e+16    -0.8889108150655733
1.5040675607638169e-21          9.272992655175286e+16    -0.9084216090763217          1.1235243619821958e+17    -0.8419162185767632          1.2546196053374472e+17    -0.8746499932648876          3.583492706716696e+17    -1.2517386818892828          1.0084892128643062e+17    -0.9312424167101834          4.0556027839179174e+17    -1.2481345494873384          6.719666488846359e+16    -0.8335773643946872          5.1180100819443336e+16    -0.8862444342798244
1.5200416959511682e-21          9.116510260427666e+16    -0.9051372615142506          1.0901938773258786e+17    -0.8508628973392512          1.240531632601545e+17    -0.872416637743816          3.5327588362324134e+17    -1.2470322465095063          9.917342927594054e+16    -0.928047796882282          3.853841589855937e+17    -1.315044227993657          6.623493020900946e+16    -0.8312973181641389          5.030937194807736e+16    -0.8835740716099805
1.5361819104125791e-21          8.964023435135544e+16    -0.9018249616056153          1.0572001637980632e+17    -0.8597784987473303          1.226716154871948e+17    -0.8702087451276842          3.477182345271097e+17    -1.2413466495008605          9.754124738050702e+16    -0.9248050951551067          3.5323419694235046e+17    -1.421080295294956          6.529739137738861e+16    -0.8290229153983546          4.9483703957637e+16    -0.8809024740142182
1.5524898928764155e-21          8.815137050782445e+16    -0.8984750435775835          1.024471079645287e+17    -0.8686406259622081          1.2131794626822229e+17    -0.8680146697660047          3.4177337229961485e+17    -1.2351991762112142          9.595531122253525e+16    -0.9215016025652202          3.2386230606096576e+17    -1.5205022924976608          6.4381827553817256e+16    -0.8267453170015334          4.865639739031615e+16    -0.8782269522335879
1.5689673488476391e-21          8.670032074272427e+16    -0.8950718859853286          9.9198306618028e+16    -0.8774136844929975          1.1998483205944299e+17    -0.8658174632687232          3.3560252935766016e+17    -1.229077174124331          9.440479120856413e+16    -0.9181270551954612          2.8689027573261062e+17    -1.6359832023835374          6.348587897395086e+16    -0.824455494425427          4.7953675235285224e+16    -0.8759809849971448
1.5856160007705989e-21          8.527702124356205e+16    -0.8916005171038442          9.597484740338714e+16    -0.886032440593239          1.1867495091840226e+17    -0.8636035738066076          3.295506102163759e+17    -1.2231450197685272          9.288295182950074e+16    -0.9146683227650578          2.568442455795821e+17    -1.72698586127723          6.260753979820799e+16    -0.8221435630175448          4.724365200244551e+16    -0.8737116828175356
1.6024375881933666e-21          8.387703507035006e+16    -0.8880433289314749          9.276332370702966e+16    -0.8944871579470898          1.17384529089897e+17    -0.8613599147152374          3.235961508415512e+17    -1.2178026696298145          9.139375195335909e+16    -0.9110956635728954          2.266368803468388e+17    -1.8079059073355577          6.174481683813803e+16    -0.8197979910638054          4.6563291411401736e+16    -0.8716135131510027
1.6194338679331964e-21          8.250087745126531e+16    -0.8843783448316525          8.957307694951144e+16    -0.9026298108972463          1.1611518087823717e+17    -0.8590698414329184          3.1794204466206285e+17    -1.2138409889031332          8.992541234957277e+16    -0.9074069272307315          2.0652835947434413e+17    -1.851614076336083          6.089596921962342e+16    -0.8174047698356253          4.600530762874256e+16    -0.8701740194857853
1.6366066142440803e-21          8.114115918974928e+16    -0.8805862644792297          8.639200578407763e+16    -0.910427640213105          1.1486328069283272e+17    -0.8567141407628938          3.125495257960693e+17    -1.2107534190872973          8.847878380364322e+16    -0.9035628392753418          1.8938656127073104e+17    -1.8819474640803258          6.006092373762066e+16    -0.8149496167158446          4.5441530490929384e+16    -0.8687195800491967
1.6539576189854656e-21          7.979402066424634e+16    -0.8766362058194606          8.321670916728723e+16    -0.9177589232492144          1.1362981346833206e+17    -0.854274286793241          3.0758450550097254e+17    -1.2088334891798824          8.704734132488496e+16    -0.899537786076648          1.763275044808873e+17    -1.9001569664619875          5.923572128640497e+16    -0.8124205658420633          4.487190117164681e+16    -0.8672500430803594
1.6714886917927904e-21          7.845956682502126e+16    -0.8725085321154695          8.005762266250005e+16    -0.9244225489865219          1.1439628509237477e+17    -0.8937669612954205          3.0282651749134054e+17    -1.2077469432357182          8.563104583756648e+16    -0.8953270781267295          1.657059199027096e+17    -1.9104644371048027          5.8418144808070744e+16    -0.809800531666809          4.4296360260997944e+16    -0.8657652553128652
1.6892016602497251e-21          7.713192472940653e+16    -0.8681658169902208          7.689795757700789e+16    -0.9302758456459704          1.1460969230360634e+17    -0.8941703122293337          2.9817901447527725e+17    -1.2068102495976274          8.421976657299946e+16    -0.8908499100716962          1.5755708112949856e+17    -1.914449540482342          5.7608945713030984e+16    -0.8070660357218509          4.3823082204381416e+16    -0.8647342600626026
1.7070983700616032e-21          7.579435393293875e+16    -0.8634643602474724          7.368011508722594e+16    -0.9352099789241379          1.1524740573211928e+17    -0.8889729953481391          2.936633774904403e+17    -1.2055740953748806          8.279486044237322e+16    -0.885935559139651          1.5075566165738426e+17    -1.9160981938551163          5.680651118449748e+16    -0.8042151688055259          4.3352009915852216e+16    -0.8637234145664454
1.7251806852309508e-21          7.442798562569448e+16    -0.858243685631351          7.034959458386887e+16    -0.9388373511074984          1.1612399885431704e+17    -0.8809590114730445          2.89349107039724e+17    -1.2041362204913455          8.133847547512053e+16    -0.8804123143781941          1.451858665445641e+17    -1.9152377376513379          5.600569494233924e+16    -0.8011696727343954          4.287605217399525e+16    -0.8627020856718517
1.7434504882346102e-21          7.299715097830675e+16    -0.8521473126077502          6.667006565626198e+16    -0.9404974397300642          1.1734579382925515e+17    -0.8682759748759432          2.8508437304890243e+17    -1.2017118425945141          7.975612669976363e+16    -0.8734031804063899          1.4049337623338192e+17    -1.9127016906735108          5.519822539711186e+16    -0.7978417046414912          4.239515942877123e+16    -0.8616701670523929
1.7619096802021083e-21          7.1328717223032056e+16    -0.8435760783963667          6.159046999409351e+16    -0.9366008299588584          1.1848709409786086e+17    -0.8499494201748706          2.809380130428309e+17    -1.1983977149034748          7.537076746224469e+16    -0.8376027703214264          1.3651113270067965e+17    -1.908835212381711          5.437901129008411e+16    -0.7941361335601944          4.190928163917004e+16    -0.8606275513280958
1.78056018109624e-21          6.6540057868550104e+16    -0.7990037161524851          5.029729863250198e+16    -0.8804276572699292          1.196062323184049e+17    -0.8305159179195726          2.769293417516066e+17    -1.1945298742382942          7.35203731022735e+16    -0.8153846334657797          1.3303854968623109e+17    -1.9040535339983555          5.351336727570059e+16    -0.789585733121986          4.1419336279945544e+16    -0.8595761439384989
1.7994039298951782e-21          6.5211742245854984e+16    -0.7808834260265379          4.753838655613507e+16    -0.8570366583947618          1.2070922253311325e+17    -0.8112200679767168          2.729824651776714e+17    -1.1898172034014065          7.302742083999274e+16    -0.8165929309673419          1.2998497118167803e+17    -1.8983874519480715          5.2508166136901496e+16    -0.7828218883493984          4.100210857945306e+16    -0.8586756880852381
1.8184428847759882e-21          6.4647801709374696e+16    -0.7744678001266506          4.591855729574586e+16    -0.8428538235689472          1.2175415120576414e+17    -0.79297291303506          2.694843283776891e+17    -1.1829909851621951          7.251444792154395e+16    -0.8187581054754597          1.269844340683862e+17    -1.8927439496854366          5.085285063836825e+16    -0.76359197029449          4.058055873555213e+16    -0.8577659042335577
1.837679023300455e-21          6.4206548205858904e+16    -0.7705096272558933          4.4718072416802344e+16    -0.8324069365458759          1.2266669961319088e+17    -0.7771099367422101          2.662594001443468e+17    -1.175658837820472          7.197884798793686e+16    -0.8212291419831704          1.2423974481680938e+17    -1.8865442089473476          4.993419089268386e+16    -0.7403245491256535          4.015464296218061e+16    -0.8568466978849001
1.8571143426020906e-21          6.380348088493354e+16    -0.7678590675440695          4.3758177559355144e+16    -0.824252391098316          1.2364422176111715e+17    -0.761060776905637          2.635117908551212e+17    -1.1665215664794588          7.142674652951992e+16    -0.8237378367502436          1.2082376287191635e+17    -1.8820619645649113          4.969150219275056e+16    -0.7319135315977877          3.972431703993017e+16    -0.855917973605465
1.8767508595751747e-21          6.3413258957366584e+16    -0.7658806083068702          4.295275998700176e+16    -0.8176202126566274          1.2459662325221374e+17    -0.7457468964752108          2.61161016022853e+17    -1.1563819291307558          7.0864570829424856e+16    -0.8260898317576504          1.1904055243225307e+17    -1.87356660074483          4.954207835775542e+16    -0.7259130751293438          3.928953631186063e+16    -0.8549796350171758
1.896590611065829e-21          6.302753736245784e+16    -0.7642603012410367          4.225164718151213e+16    -0.8120217614200645          1.2546730477932102e+17    -0.7314685053127663          2.5947906665141142e+17    -1.1441119358477772          7.029915390466716e+16    -0.8281172358554336          1.1735318313756186e+17    -1.8643602349269959          4.94149551217905e+16    -0.7213929555671894          3.885025567926938e+16    -0.85403158478855
1.916635654064196e-21          6.264533474313152e+16    -0.7627846874858262          4.162762163179984e+16    -0.8071893228172283          1.2622496680655616e+17    -0.7187604252914979          2.5799187974841136e+17    -1.1317605948864995          6.973845849758978e+16    -0.8296437454858812          1.157856437125276e+17    -1.854210016710573          4.927993703556752e+16    -0.7178540283496913          3.845180879620818e+16    -0.8531505955693804
1.9368880658991006e-21          6.22676576940338e+16    -0.7613085798627848          4.106159059169832e+16    -0.8029282516637852          1.2678390313114054e+17    -0.7079409128376108          2.5679834897329078e+17    -1.118883423805868          6.919257331303056e+16    -0.8304613161687653          1.1433157797850563e+17    -1.8430769025761806          4.913229529787126e+16    -0.7148937378586999          3.807155268513042e+16    -0.852298289511881
1.9573499444343177e-21          6.1896020649626104e+16    -0.7597240826225727          4.054188042271955e+16    -0.7991196102869755          1.2712402419619566e+17    -0.6989447487318602          2.5532889045716058e+17    -1.108715471755697          6.86746648085787e+16    -0.8302888477270322          1.1299275671622438e+17    -1.830903247595355          4.8976871359641944e+16    -0.7122291277784852          3.7687363660110824e+16    -0.8514371682209677
1.978023408266444e-21          6.153260300389016e+16    -0.7579362767856948          4.0060155893492184e+16    -0.7956902643255036          1.2730872039740533e+17    -0.6912213587715249          2.5389633640203082e+17    -1.0994600887582413          6.820403054423898e+16    -0.8287118484538077          1.1180459605542434e+17    -1.8173717396591518          4.881578542068013e+16    -0.7097097218654229          3.729920194271168e+16    -0.850567142537249
1.9989105969249458e-21          6.118070715532235e+16    -0.7558423375781445          3.960497409100501e+16    -0.7924314655800773          1.2737278738654573e+17    -0.6846762516233302          2.5198734776052925e+17    -1.0938212757626962          6.780247461657454e+16    -0.8252388527335435          1.107462572337383e+17    -1.8026512028692265          4.8650213309164344e+16    -0.7072323909965436          3.690702736146301e+16    -0.849688122420391
2.0200136710741393e-21          6.084446325105925e+16    -0.7533295562043573          3.917267306432138e+16    -0.7892916896034473          1.2745222472358139e+17    -0.6780140928525973          2.4987596486443165e+17    -1.0899423057840998          6.750182977813423e+16    -0.8190768143560511          1.0981139679380198e+17    -1.7868850826120286          4.84820419876777e+16    -0.7047150597758332          3.702974208365558e+16    -0.832744698975594
2.041334812716517e-21          6.052911510782117e+16    -0.7502666557569629          3.876167315129604e+16    -0.7862603373114477          1.2740488616934309e+17    -0.6724563663635315          2.4738382112788886e+17    -1.0885960485142832          6.7343822671574536e+16    -0.8093354765615542          1.090481253799092e+17    -1.7694907956775006          4.831369023240244e+16    -0.7020823422182368          3.6999665553916904e+16    -0.820916532709977
2.0628762253988318e-21          6.02424320640382e+16    -0.7464730208573034          3.837023739392302e+16    -0.7833172167313511          1.2724920859912592e+17    -0.667842639707925          2.4498245312195526e+17    -1.0867611828351065          6.740246775583613e+16    -0.7941451666017653          1.08525139778394e+17    -1.7496360050152844          4.814783337655847e+16    -0.6992624925822238          3.7046059775723416e+16    -0.806547903218029
2.084640134419295e-21          5.999348609747472e+16    -0.7417296978767728          3.799695730939605e+16    -0.780438049169794          1.2700564425190592e+17    -0.6640240907616887          2.4254418246546915e+17    -1.0849732452368304          6.771221349228718e+16    -0.7723655431423785          1.0832277705835864e+17    -1.7264947007434224          4.798751056114543e+16    -0.6961767847996879          3.708112630911328e+16    -0.7933968060904579
2.106628787037179e-21          5.978681339656179e+16    -0.7359485786824927          3.764010737878168e+16    -0.7775974792714432          1.2782345808135389e+17    -0.6508831082095282          2.4033632461259933e+17    -1.0816663034837402          7.002960794674149e+16    -0.7369804093731286          1.0848261147147923e+17    -1.6997877465200655          4.7835787522376504e+16    -0.6927512532916374          3.711646010519421e+16    -0.7811578391725855
2.1288444526845338e-21          5.962461756125065e+16    -0.729198146023659          3.7298686019319736e+16    -0.774770666272915          1.2701352396971074e+17    -0.651818971868395          2.3814153133239667e+17    -1.078285970045911          7.0894712565611864e+16    -0.7171488288559086          1.0897995949434038e+17    -1.670202777793495          4.769629320240262e+16    -0.6889028786704097          3.711351555374232e+16    -0.7710098887013977
2.1512894231792337e-21          5.9525050952736264e+16    -0.7210263844645116          3.697164458150238e+16    -0.7719361670967636          1.2621374377486426e+17    -0.6529059698910114          2.3643485054025664e+17    -1.0721208048205622          7.185702549387402e+16    -0.6970000680076288          1.0972450804991493e+17    -1.6393645479382293          4.757276366560442e+16    -0.6845537657633434          3.705441872987118e+16    -0.7629710825092603
2.1739660129406927e-21          5.949684155254181e+16    -0.7112398449687192          3.665842278040126e+16    -0.7690653571416426          1.2542514197806341e+17    -0.6541831362199778          2.35030903344493e+17    -1.0646343312905882          7.238176978306451e+16    -0.6839995865332459          1.1063564922507742e+17    -1.6086052993666733          4.746939983423746e+16    -0.6796190066499301          3.696228867709855e+16    -0.7569205189090371
2.1968765592074415e-21          5.9521596586688424e+16    -0.7004761603672212          3.6358629127223096e+16    -0.766119929671716          1.2464713097458467e+17    -0.6556690041265825          2.3389103353686627e+17    -1.056133015486797          7.338556292882211e+16    -0.6684332813289281          1.1168089303913037e+17    -1.578492684918612          4.73914284781792e+16    -0.6740083039398146          3.682067704703662e+16    -0.7524698841420105
2.2200234222563078e-21          5.9580562211665064e+16    -0.6896792127357424          3.607226544524554e+16    -0.7630463677674844          1.2388016359468232e+17    -0.6573940169471885          2.32984047015346e+17    -1.0470743211135516          7.362821873295491e+16    -0.6604821003483377          1.1289552686196638e+17    -1.5489830613587967          4.733639545190771e+16    -0.6678966588263566          3.660722541643346e+16    -0.7494209586396765
2.2434089856244103e-21          5.966766298323607e+16    -0.6791473551115742          3.579939086795336e+16    -0.7597957454019508          1.2312520730046005e+17    -0.6594053271141416          2.3238623663082224e+17    -1.03697000223266          7.41132185020505e+16    -0.6514329684452385          1.1437934273361802e+17    -1.5196233914501087          4.730540865773681e+16    -0.6613164681580475          3.6332791007900504e+16    -0.7474880942015796
2.267035656332415e-21          5.976006702123052e+16    -0.6694012651209675          3.5540548202946336e+16    -0.756307910382267          1.2238341373671142e+17    -0.6617593325257113          2.3190233675170605e+17    -1.0269673241367694          7.448276968744003e+16    -0.6448638788345091          1.164561597391858e+17    -1.4889669975447866          4.730673456674743e+16    -0.654054696663968          3.60665028119153e+16    -0.7462597984291369
2.2909058651105216e-21          6.059501432061782e+16    -0.6570664910652417          3.5296870756372736e+16    -0.7525012923013956          1.2165586528706888e+17    -0.6645160949558784          2.31614601935592e+17    -1.016283658030934          7.449520925992842e+16    -0.6405298233267972          1.4815106533527462e+17    -1.3658808241438742          4.733612850294929e+16    -0.6463842713292858          3.5833361258031564e+16    -0.7454779389547525
2.3150220666264273e-21          6.089162280230847e+16    -0.6473934250227017          3.507105932142049e+16    -0.7481346069498329          1.209428883952146e+17    -0.667718143371259          2.3129668955310304e+17    -1.0062409643220258          7.436514586543006e+16    -0.6374770961805964          1.580173365332555e+17    -1.3133364531746756          4.738087453495922e+16    -0.6389911626651602          3.5639915546982424e+16    -0.7449836613474801
2.3393867397149702e-21          6.157689818185699e+16    -0.6367338577557775          3.48573859797193e+16    -0.7435203411474184          1.2024337664309245e+17    -0.671365026597873          2.3149422219239386e+17    -0.9950002503704726          7.419480855502725e+16    -0.6349774749212944          1.7131774489787488e+17    -1.2531824590321539          4.7447840673181016e+16    -0.6318762011255853          3.5490029366034696e+16    -0.7446693221855983
2.3640023876105634e-21          6.237897647403736e+16    -0.6261038197971739          3.465796237311332e+16    -0.7386106856103702          1.1955445992115182e+17    -0.6754046680542046          2.319462358807828e+17    -0.9835244547930854          7.395344015542438e+16    -0.6332159444454375          1.8077237477692614e+17    -1.2075573778754134          4.7538994911158824e+16    -0.624727837500985          3.5312026159916736e+16    -0.7446916329303883
2.3888715381816017e-21          6.277956238758028e+16    -0.6194922314551934          3.447545441270564e+16    -0.7332598703000125          1.1887350673033333e+17    -0.6797897966564775          2.32771277392759e+17    -0.9715654346987097          7.405648091437603e+16    -0.6280812180370399          1.9038238353541667e+17    -1.1639455492127393          4.828712149296401e+16    -0.6140135183739965          3.5050947868215468e+16    -0.7451555959286849
2.413996744166635e-21          6.334231934393942e+16    -0.612160559334142          3.4311446458889796e+16    -0.72736373817322          1.1819863383269051e+17    -0.6845099929946148          2.3385562462026016e+17    -0.9598384738617202          7.360521944378176e+16    -0.6281989771042799          1.956183886301191e+17    -1.135313007508471          4.894802006071463e+16    -0.6039911415982867          3.472448732639358e+16    -0.7459510881031621
2.4393805834133293e-21          6.393535194306399e+16    -0.6053720215711609          3.4162741315542132e+16    -0.7209923721843267          1.1753100423744931e+17    -0.6896772581444736          2.353130520230384e+17    -0.9475071425511643          7.315739531573218e+16    -0.6283367357641083          1.9835833450362083e+17    -1.1151735136548178          4.930322128476657e+16    -0.5963425166012032          3.4402565551610732e+16    -0.746815631749595
2.4650256591195548e-21          6.400052514171782e+16    -0.6019332729221613          3.4023112385323348e+16    -0.7143798846870002          1.168709617096545e+17    -0.6954559927562642          2.3646272961344515e+17    -0.9367101590754955          7.271352229710814e+16    -0.6284979848575676          1.9735295901153504e+17    -1.1059891334876597          4.949747208152811e+16    -0.5917461229726874          3.40186519338293e+16    -0.7479621593599115
2.4909346000762254e-21          6.397526567960123e+16    -0.5992998150202864          3.3890194101342484e+16    -0.7076738752844351          1.162222066927855e+17    -0.7022761803053883          2.3750487636694733e+17    -0.9268776849239887          7.227324028602723e+16    -0.6286847704064419          1.938974436832621e+17    -1.1026460620336913          5.022438761523142e+16    -0.5836503216650034          3.3689993293024744e+16    -0.748978057431192
2.5171100609132742e-21          6.390358469396546e+16    -0.5971181374339375          3.3769080908606764e+16    -0.7007598122924097          1.1558368873144467e+17    -0.7108048277062289          2.3769639177476813e+17    -0.9202465004268778          7.183736634552627e+16    -0.6289031235649687          1.9158539770166592e+17    -1.0959407423459075          5.089160467979398e+16    -0.576539837302316          3.3414553846639308e+16    -0.7498572672339623
2.543554722346974e-21          6.3762594560565896e+16    -0.5955195188154908          3.3657957820448136e+16    -0.6937720060998658          1.1493988728577016e+17    -0.7220450292987799          2.3765215648382995e+17    -0.9144752097292473          7.140608635457597e+16    -0.6291581598215314          1.9193312460008723e+17    -1.0817853317344412          5.104900204955369e+16    -0.5733809592094823          3.319051290559507e+16    -0.7505974676395459
2.570271291430262e-21          6.354133140938254e+16    -0.5945093838421887          3.355226566866182e+16    -0.6869520142031417          1.1425163834243277e+17    -0.7377609761930528          2.371957883983627e+17    -0.9100562174874643          7.097932231910419e+16    -0.629454291346768          1.957418032437192e+17    -1.0594669882819665          5.1514172948387064e+16    -0.5688168999264461          3.2866095916045576e+16    -0.7517049731544126
2.597262501805347e-21          6.360745980941344e+16    -0.5911697714342541          3.3449779422396856e+16    -0.6804161602414376          1.1614106960941902e+17    -0.8089075293011752          2.3628257523191206e+17    -0.9072087073532289          7.0557511554377e+16    -0.6297992100307204          2.006730811065897e+17    -1.0352499665325854          5.15841999789249e+16    -0.566356894003885          3.25807835406336e+16    -0.7526945208072526
2.6245311139581524e-21          6.32433706232297e+16    -0.5913189336726317          3.334942869112009e+16    -0.6742046867166779          1.172996027038994e+17    -0.8320812216925739          2.3500254894535562e+17    -0.9055083820888736          7.01409823373266e+16    -0.6302000264967818          2.063037900186777e+17    -1.0116333208392636          5.1580667182203336e+16    -0.5645322409498228          3.22903194653418e+16    -0.7542716896029333
2.6520799154756546e-21          6.288228671974235e+16    -0.5914931166038478          3.3251384298814612e+16    -0.6683180138335144          1.189014144591977e+17    -0.8537840076371328          2.344187507919005e+17    -0.9014442957052596          6.973051838440266e+16    -0.6306668094604027          2.1122471776138134e+17    -0.9911594683514935          5.150317954094566e+16    -0.5633088611984017          3.205388851719596e+16    -0.7558438915183834
2.6799117213056563e-21          6.252346846597624e+16    -0.5916919308123397          3.3156269463260836e+16    -0.6627287599865718          1.2087264605751856e+17    -0.8732924936138393          2.340213418940692e+17    -0.8968082889629526          6.93262477458661e+16    -0.6312078383872046          2.1494826631461946e+17    -0.9747633551254973          5.140024521439173e+16    -0.5623158306999617          3.179669914405673e+16    -0.7577062278170057
2.7080293740183965e-21          6.21680217719078e+16    -0.5919229368980342          3.306566415081342e+16    -0.657388842633206          1.2306656069741733e+17    -0.8910227939833835          2.3413345487276163e+17    -0.8905232397792016          6.8928246271537496e+16    -0.6318299260679946          2.1722582940594986e+17    -0.9616644988632821          5.155892512854282e+16    -0.5593113210522984          3.1669461150330668e+16    -0.7587176964444444
2.7364357440712292e-21          6.18154250628547e+16    -0.592188067408981          3.2981015968402736e+16    -0.6522480639127121          1.2519245288925435e+17    -0.9008187321894476          2.3462082923840854e+17    -0.8830766221702453          6.8538477164383736e+16    -0.6325614317383134          2.1857198223192448e+17    -0.9512645893247516          5.12827591450067e+16    -0.55953573398853          3.1581389060368704e+16    -0.7595824981770879
2.765133730075671e-21          6.146606676427573e+16    -0.5924937649741093          3.290329681931131e+16    -0.6472771147331124          1.2713088295953496e+17    -0.9079581432542267          2.3551587955401898e+17    -0.8743966902187851          6.815741703292914e+16    -0.6334137909703282          2.1902067390959338e+17    -0.943105098739289          5.100784388005005e+16    -0.5597899383427835          3.154058806601678e+16    -0.7596126064786761
2.7941262590663496e-21          6.112010674387387e+16    -0.5928455718305571          3.2834026376279716e+16    -0.6424408606574668          1.2869641050821229e+17    -0.9132531776896103          2.366060486436187e+17    -0.865049045048797          6.778359843380398e+16    -0.6343700733588605          2.1876149400681408e+17    -0.9366427916548246          5.073418206613701e+16    -0.5600765651851232          3.1479797022296396e+16    -0.759480793673217
2.823416286773504e-21          6.0777690340050104e+16    -0.5932491258628431          3.277504141704988e+16    -0.6376965752456061          1.3020538473039286e+17    -0.9163461269439122          2.3784435790923898e+17    -0.8552590936268132          6.741510425603881e+16    -0.6353974437550024          2.1794635864514208e+17    -0.9313228272685352          5.046236031388796e+16    -0.5604039928655432          3.143862347553789e+16    -0.7589773408009222
2.8530067978968816e-21          6.04391995160707e+16    -0.5937115160436081          3.272922894299989e+16    -0.6329878207275494          1.3145096667706891e+17    -0.9178775253303405          2.3880586883278384e+17    -0.8465127006496646          6.705032423424386e+16    -0.6364605817164373          2.166600476792241e+17    -0.9280985487966522          5.0192047763814376e+16    -0.56077459905505          3.133559504342462e+16    -0.7590561534302042
2.8829008063829666e-21          6.010441237214596e+16    -0.5942339052566179          3.270036833143808e+16    -0.628238252720135          1.3257682319093994e+17    -0.9181481391856542          2.3976938206481222e+17    -0.8376195647364292          6.6688827193229496e+16    -0.6375376619419699          2.1552575000623744e+17    -0.9252376757855622          4.9923499500234696e+16    -0.5611968347189544          3.1219179493006188e+16    -0.7591536487237719
2.9131013557047984e-21          5.977483554022984e+16    -0.5948406123712939          3.295087976797453e+16    -0.6199924537398662          1.3372261326819416e+17    -0.917115475798425          2.4056390873084176e+17    -0.8291249638967174          6.633112799577066e+16    -0.6386224764803634          2.141780690606516e+17    -0.9244774958228923          4.965655718633222e+16    -0.5616744427729203          3.1079048198654612e+16    -0.7594302504060486
2.943611519143763e-21          5.945079700993357e+16    -0.5955410490978528          3.310434193853342e+16    -0.6132467661124132          1.3485859192602854e+17    -0.9153149107620602          2.4087340907103526e+17    -0.8223261840509601          6.597825150435382e+16    -0.6397199474338712          2.126607867598185e+17    -0.9201400761600673          4.939160550249362e+16    -0.5622178795885618          3.0927681170166124e+16    -0.7597932736282311
2.9744344000745175e-21          5.913183723695594e+16    -0.596329804173468          3.31761566112131e+16    -0.6082387228440689          1.3585913420799678e+17    -0.9135792749189792          2.4063202559810035e+17    -0.8174267816728231          6.56315140850963e+16    -0.6408408500463065          2.097922606153654e+17    -0.9282007188418036          4.912837011558601e+16    -0.5628279564623239          3.0761730609130036e+16    -0.7602942526206574
3.0055731322527257e-21          5.881692043609829e+16    -0.5971852468147754          3.3319150041448144e+16    -0.6023758527175909          1.3688283482813298e+17    -0.9114992075847602          2.4011556131197728e+17    -0.8134869089837212          6.529226540282942e+16    -0.6419988691179342          2.0836923943049808e+17    -0.9070667544727948          4.886696686962486e+16    -0.5635091743928773          3.0588925992096416e+16    -0.7608570466289517
3.037030880104761e-21          5.8504651587145336e+16    -0.5980729681518203          3.344101217045965e+16    -0.5971705700707272          1.3768604154628107e+17    -0.9098002718818997          2.392990524018603e+17    -0.8106376017953351          6.4961691236125544e+16    -0.6432088264078999          2.0834583790394848e+17    -0.9199634082255168          4.860828552821635e+16    -0.5642877113132184          3.063978759557284e+16    -0.7606873597830972
3.0688108390210373e-21          5.819427799364822e+16    -0.5989631984859701          3.346016498089619e+16    -0.5937333556521313          1.3845175486688222e+17    -0.908074073698879          2.3819042303577123e+17    -0.8089075004979882          6.46406489427159e+16    -0.6444858383501854          2.0759596514241802e+17    -0.9158100370523169          4.835230024763899e+16    -0.5651643968327108          3.098977034121376e+16    -0.7597321206998459
3.1009162356510563e-21          5.788570198068842e+16    -0.5998413022251122          3.3400548309735056e+16    -0.5914626262681842          1.3913886388127107e+17    -0.9064545659295933          2.3680107211533818e+17    -0.8083379405762514          6.432980089970305e+16    -0.6458470752872588          2.069398337472685e+17    -0.9158230418315035          4.809905063478737e+16    -0.566133868123128          3.172565359027472e+16    -0.7579056584784087
3.1333503282020385e-21          5.7579468762288e+16    -0.600704544388293          3.363369109428264e+16    -0.5843822819445488          1.3956402515497566e+17    -0.9051975173188419          2.3515578032898963e+17    -0.8089506465603983          6.40292531302135e+16    -0.6473122890990093          2.065716050001948e+17    -0.911435960544072          4.784820697107122e+16    -0.5671716844348834          3.2677041475427416e+16    -0.7560312170756113
3.1661164067401183e-21          5.7276412593221224e+16    -0.6015561598976727          3.344446681105564e+16    -0.5842897925254117          1.3974438230525115e+17    -0.9042507108143896          2.333054776049374e+17    -0.8107983890763282          6.373890154113095e+16    -0.6489056918139778          2.0615900770992368e+17    -0.9068735899440232          4.7599212577482664e+16    -0.5682386308468845          3.3832303265734708e+16    -0.7541443395717242
3.1992177934938714e-21          5.697724089421772e+16    -0.6024025072980835          3.325491936182383e+16    -0.5842176948024648          1.3982218059774606e+17    -0.9035116195265454          2.3131572832931722e+17    -0.8134961632470484          6.345828003565182e+16    -0.6506546348382115          2.0586099864569434e+17    -0.900774532943978          4.7351862037137384e+16    -0.5692973631421915          3.4907173548545292e+16    -0.7532344338847836
3.2326578431612e-21          5.668267178944079e+16    -0.6032501279250005          3.306604393216823e+16    -0.584161115042569          1.3978446075345243e+17    -0.903012993979093          2.292264657379143e+17    -0.8169140801421139          6.318648870330886e+16    -0.652589706750102          2.0551885657296627e+17    -0.8950899673733602          4.710611875856295e+16    -0.5703270325029195          3.579573993861055e+16    -0.7534026757018892
3.2664399432191314e-21          5.639346871998441e+16    -0.6041051182102953          3.287770925720857e+16    -0.5841182454114292          1.3964161604103227e+17    -0.9027302791499472          2.2708974681330666e+17    -0.8208469460639664          6.292233859720431e+16    -0.6547469539882314          2.0496357827083754e+17    -0.8905792935087469          4.686243089495712e+16    -0.5713197451041077          3.636832995805559e+16    -0.754836788543468
3.3005675142358047e-21          5.610992836179425e+16    -0.6049730123667135          3.2689970981159028e+16    -0.5840891511030425          1.3941137485289398e+17    -0.9026529272919525          2.2515328138385405e+17    -0.8244782197029499          6.266386870484689e+16    -0.6571614862215575          2.0445648262287488e+17    -0.8865887535377952          4.662146613523994e+16    -0.5722746446345325          3.677522806157315e+16    -0.7567006828431758
3.335044010186013e-21          5.583251214459469e+16    -0.6058590420778772          3.250309621978779e+16    -0.5840754652625666          1.3911530535702906e+17    -0.9027748586264386          2.2335237543620973e+17    -0.8278689926161037          6.240843673965583e+16    -0.6598694801338665          2.038097291945746e+17    -0.8840533017359865          4.63837302601262e+16    -0.5731954240301825          3.7008148065621784e+16    -0.7589583863430686
3.3698729187697136e-21          5.5561197380093336e+16    -0.6067679693889362          3.2317084235608536e+16    -0.5840776043329992          1.3877690229356909e+17    -0.9030856190929111          2.2363685500578275e+17    -0.8245090086533253          6.2152486976466936e+16    -0.6628988746842621          2.0311013170982816e+17    -0.8822530967253008          4.614980068553512e+16    -0.5740847329951276          3.710661530063038e+16    -0.7613933843588591
3.4050577617327004e-21          5.529585528176109e+16    -0.6077056671440619          3.213174355699502e+16    -0.5840949561019358          1.383855373250892e+17    -0.9033438172771788          2.2270183396427843e+17    -0.8246210119968945          6.189141419933837e+16    -0.666258968442247          2.0210048242581376e+17    -0.881472591793792          4.592041310683715e+16    -0.5749434077681632          3.709348425457793e+16    -0.763902403986723
3.4406020951914595e-21          5.503616099172937e+16    -0.6086784834509255          3.194732487452554e+16    -0.5841299703451115          1.3796421322712429e+17    -0.9037392756437606          2.219788604823731e+17    -0.8240554476486438          6.16184868824938e+16    -0.6698817050154553          2.0089577883860464e+17    -0.8807797103857059          4.569581237106992e+16    -0.575773890709029          3.700539265092442e+16    -0.766338473399916
3.476509509959738e-21          5.478166572787521e+16    -0.6096928264605437          3.1763819222196536e+16    -0.5841838897554344          1.3752998016797894e+17    -0.9042656813264252          2.2145704849153133e+17    -0.8228069462405684          6.132903824520904e+16    -0.6736771925136128          1.9954365771947264e+17    -0.8804260582787471          4.547647280533378e+16    -0.5765762414289279          3.685810863530788e+16    -0.7686730509302941
3.512783631879083e-21          5.4531777524676824e+16    -0.6107546100103691          3.158103012056516e+16    -0.5842566923350899          1.3709903729981267e+17    -0.9049257638929237          2.2111310961302835e+17    -0.8209142165501164          6.1022433066092344e+16    -0.6775861119177351          1.9808609386430298e+17    -0.8801423735087317          4.526266750471633e+16    -0.5773510651063309          3.666820714326139e+16    -0.7708739169183323
3.549428122152378e-21          5.428577260822782e+16    -0.611869366373029          3.1399139877033484e+16    -0.5843508615188091          1.3664265082552258e+17    -0.904171575585126          2.208965128437447e+17    -0.818504198601333          6.070260182822033e+16    -0.6816609034202485          1.965415230487432e+17    -0.8798791526794444          4.50545764846528e+16    -0.5780994903653373          3.6447277810149576e+16    -0.7729446324170504
3.5864466776798055e-21          5.404284689017088e+16    -0.6130418399414573          3.1217996798026336e+16    -0.5844663738246431          1.361224180091604e+17    -0.9054072382896706          2.208026797012035e+17    -0.8155783022727062          6.037206715451643e+16    -0.6859069898942425          1.9494680973773645e+17    -0.8795331726209215          4.485225259506826e+16    -0.5788236592839257          3.621894509163778e+16    -0.7750234860457844
3.623843031398401e-21          5.380209269978086e+16    -0.6142757675016822          3.1037470643983824e+16    -0.5846027393085375          1.357141228733342e+17    -0.9068090876064046          2.206447081757302e+17    -0.8127313308701367          6.003113706973054e+16    -0.6902313779568033          1.933163008928901e+17    -0.8792189063076803          4.4655728710236696e+16    -0.5795266082354326          3.5971450093255628e+16    -0.7770170691034375
3.661620952625247e-21          5.356255829618006e+16    -0.615573059544415          3.085767845484603e+16    -0.5847611675893523          1.3543389987411909e+17    -0.9084589551552701          2.2048587022765693e+17    -0.809787054833689          5.968064659894917e+16    -0.6945000152826961          1.916752260732103e+17    -0.8788301859503177          4.446470421609828e+16    -0.5802126431365574          3.5765894020148064e+16    -0.7793017032593945
3.699784247402493e-21          5.332321888595142e+16    -0.6169333091103756          3.067869792838171e+16    -0.5849447853855532          1.3529576997999774e+17    -0.9104689377072287          2.2028073808309523e+17    -0.8068696263521384          5.9322305553463336e+16    -0.6986225415455922          1.9002418776843277e+17    -0.8783139905840995          4.427898822656457e+16    -0.5808850814714046          3.5452130807855516e+16    -0.7809183776198279
3.738336758846895e-21          5.308303217161734e+16    -0.6183541960183644          3.0500474106253676e+16    -0.5851540264712441          1.3527750051907846e+17    -0.9129154278701178          2.2000350118003053e+17    -0.8040622641988768          5.895783435601319e+16    -0.7025590395935479          1.883894227437612e+17    -0.8779468007667164          4.4098352728900824e+16    -0.5815475867333798          3.516104299279496e+16    -0.7822860839771927
3.7772823675022005e-21          5.284102142696343e+16    -0.6198303421781102          3.0323000111609904e+16    -0.5853888828938806          1.3531437688742864e+17    -0.91578833130885          2.19633916021033e+17    -0.8014339633243466          5.858771896081721e+16    -0.7063169664400768          1.8672501981949603e+17    -0.8768786900458274          4.392221380305841e+16    -0.5822047826323974          3.4869457941814484e+16    -0.7836423878938558
3.816624991694087e-21          5.259581549249741e+16    -0.6213456530899547          3.0146308007972104e+16    -0.5856485182168528          1.3541078503657146e+17    -0.9192214768235734          2.1916073924131328e+17    -0.7990290243663414          5.8211501764650424e+16    -0.7099247748155333          1.8505973448848634e+17    -0.8767183717518607          4.3750062290411816e+16    -0.5828608393400412          3.4574900442861796e+16    -0.7850125181120156
3.8563685878896525e-21          5.234650186682339e+16    -0.622884302051004          2.9970461008305628e+16    -0.5859304743822551          1.3562274716522816e+17    -0.9235311923411106          2.18557942953879e+17    -0.7969364757059757          5.7827565143738664e+16    -0.7134240109056997          1.831321324283363e+17    -0.8802756116110362          4.35812490545141e+16    -0.5835195675454233          3.427844631106773e+16    -0.786392153486147
3.8965171510589896e-21          5.209297791035809e+16    -0.6244386641916245          2.979537815866968e+16    -0.5862294329590821          1.3582037176514299e+17    -0.9283622191663398          2.1782663472343968e+17    -0.7951636668962851          5.743437185441988e+16    -0.716855268505779          1.8051575402336582e+17    -0.8899569997142133          4.341507397060391e+16    -0.5841841975385176          3.3998018636920904e+16    -0.7877090172595276
3.937074715040844e-21          5.183430954559516e+16    -0.6259784301495667          2.962118995723771e+16    -0.5865394613879501          1.357518628297999e+17    -0.9321397467485286          2.1696318855719066e+17    -0.7937320047303195          5.7031015885663064e+16    -0.7202462310399457          1.776918665724595e+17    -0.9030764271133224          4.3250751437630136e+16    -0.584857520761577          3.3714734194373812e+16    -0.7890392961668699
3.978045352911894e-21          5.157116103211736e+16    -0.6275007487279846          2.9447919216099228e+16    -0.5868536344751687          1.3528771205421098e+17    -0.9337868576559731          2.1597257811886982e+17    -0.7926448582523218          5.661727134576539e+16    -0.7236174977155316          1.7464661430112787e+17    -0.9129317590369778          4.308742765487909e+16    -0.5855413217343309          3.3428564534004372e+16    -0.7903831238041658
4.019433177358253e-21          5.130460912351549e+16    -0.6290101236578027          2.9275628723540228e+16    -0.5871661644377341          1.3441832840175374e+17    -0.9347148721255891          2.1485709750596243e+17    -0.7919089805424965          5.6193600178674536e+16    -0.7269782606057481          1.7173614607048973e+17    -0.918740527563799          4.292427034287882e+16    -0.5862367388441543          3.31394809297285e+16    -0.791740635066588
4.061242341051686e-21          5.103559813426307e+16    -0.6305045594071677          2.910441474811601e+16    -0.5874728890652086          1.332378431178566e+17    -0.9368444772895983          2.1362094625034208e+17    -0.7915253386126455          5.576115314783275e+16    -0.7303268015197757          1.694966259153874e+17    -0.9205656573342496          4.276048363019931e+16    -0.5869436206858933          3.2860310636934036e+16    -0.793039194722867
4.103477037028863e-21          5.076449089494314e+16    -0.6319777807794712          2.893426043500872e+16    -0.5877716045862272          1.318284064906615e+17    -0.9406759720564585          2.1226886395591782e+17    -0.7914928177493886          5.5321895876970216e+16    -0.7336523755381743          1.6777225716411155e+17    -0.9200133014390706          4.259503422277707e+16    -0.587658527736742          3.258114321049424e+16    -0.7943348715013958
4.146141499073583e-21          5.049155533953984e+16    -0.6334175104773236          2.876538846841637e+16    -0.5880603049257289          1.3023611683558618e+17    -0.9458530213621216          2.108093946531651e+17    -0.7917983350245771          5.487826427961413e+16    -0.7369333341839602          1.6627219057828608e+17    -0.9183672149874051          4.242715036155835e+16    -0.5883771097413137          3.2299135070175228e+16    -0.7956437326512343
4.1892400021035496e-21          5.021715460172233e+16    -0.6348065056209315          2.859769399137802e+16    -0.5883391496754565          1.2852957049933664e+17    -0.9517355374399806          2.0925108063024675e+17    -0.7924278393638903          5.4433409564446104e+16    -0.740139660903405          1.6492356866633472e+17    -0.9161664868772189          4.225711490348485e+16    -0.589101851672895          3.201425795916713e+16    -0.7969659093183863
4.232776862559657e-21          4.99417750422282e+16    -0.6361293991711241          2.8431249110992696e+16    -0.5886079270241125          1.2683565506766392e+17    -0.9573923790006564          2.076029330234727e+17    -0.7933646866969493          5.399086369125369e+16    -0.7432337242711871          1.6378592138986166e+17    -0.9134452782065403          4.208426373589841e+16    -0.589824578579592          3.1742397478162016e+16    -0.7981127750410884
4.2767564387995304e-21          4.9665851231052856e+16    -0.6373757729780118          2.8266236801337356e+16    -0.5888661585747557          1.2533578397490709e+17    -0.9616022706871313          2.0587318133391037e+17    -0.7945917830953679          5.3554561155506056e+16    -0.7461700224064527          1.6298114853435814e+17    -0.9098345776680492          4.190786737356315e+16    -0.5905335679261918          3.1469516964100012e+16    -0.7992506118891206
4.32118313149496e-21          4.93897134167077e+16    -0.6385406088108477          2.810255119757351e+16    -0.5891146610893101          1.2419721959024608e+17    -0.9632978006959775          2.0407023589949933e+17    -0.7960896305589138          5.312895815962897e+16    -0.7488938641810666          1.6274190050120118e+17    -0.9043073259072798          4.172831437209451e+16    -0.5912257851042324          3.1193862222119748e+16    -0.8004000165061491
4.366061384031841e-21          4.91136940192626e+16    -0.6396229364791375          2.7940225198699268e+16    -0.5893536567452422          1.2348478414582218e+17    -0.96214707551292          2.0220258769603453e+17    -0.7978366008163937          5.271901535950226e+16    -0.7513415731928305          1.6311415402452102e+17    -0.8965258402897183          4.15463819591313e+16    -0.5919007982753955          3.0915405682300576e+16    -0.801561103851176
4.411395682914923e-21          4.8838157821150104e+16    -0.6406236828941873          2.777928312857588e+16    -0.5895833861073689          1.2315300177318389e+17    -0.9585877548367921          2.0027888165374634e+17    -0.7998087782628762          5.23299568369842e+16    -0.7534443363509815          1.636613712451146e+17    -0.8882335209031731          4.13626777449286e+16    -0.5925560704114277          3.063411950718186e+16    -0.8027339899987718
4.457190558176197e-21          4.856331581942866e+16    -0.6415453230730612          2.7619738808630052e+16    -0.589804083993466          1.2312502051186333e+17    -0.9532701307026257          1.983074980485991e+17    -0.8019813117457227          5.196696749109306e+16    -0.7551329052390228          1.6387211747085088e+17    -0.8814301258754614          4.117739824994945e+16    -0.5931883043402906          3.036428943373155e+16    -0.803761536534175
4.5034505837861865e-21          4.8289227054006904e+16    -0.6423923770280809          2.7461642321864948e+16    -0.590015862421052          1.2336220172162186e+17    -0.9465813568869814          1.9629658432573264e+17    -0.8043285024673341          5.163503490745666e+16    -0.7563391606443501          1.6373027274724957e+17    -0.8757466546119227          4.0990683939839064e+16    -0.5937943730951842          3.010418990220028e+16    -0.8046625074508789
4.5501803780698045e-21          4.8015905224957816e+16    -0.6431692318702164          2.730495316674359e+16    -0.5902191372381912          1.2386479614528149e+17    -0.9386536267589736          1.9425401541536682e+17    -0.8068241257613812          5.1337824824328856e+16    -0.757012945882513          1.636326708532581e+17    -0.8692372668305494          4.080268860711348e+16    -0.594371138840326          2.984144907053292e+16    -0.805572627690501
4.597384604126219e-21          4.7743484940477784e+16    -0.6438800356694147          2.714963400726068e+16    -0.5904142507205633          1.2461294723528605e+17    -0.9296986913437177          1.921874831864295e+17    -0.8094415933490252          5.108016394550345e+16    -0.7570864241365901          1.638783357479511e+17    -0.8600706021316128          4.061362718635707e+16    -0.5949129489311882          2.9576040720198616e+16    -0.8064919880726353
4.6450679702515665e-21          4.747198610883681e+16    -0.6445307581468124          2.699565952935563e+16    -0.5906016313953183          1.2562210393741083e+17    -0.9197028555210217          1.9010443578560928e+17    -0.8121543766678925          5.086487530674979e+16    -0.7565196467252681          1.6428112600057398e+17    -0.8488558618352011          4.0423617831881304e+16    -0.5954169317342747          2.9307938378544076e+16    -0.807420680297142
4.693235230366805e-21          4.7201398181547384e+16    -0.6451257870398955          2.6842991120156856e+16    -0.5907818980927579          1.2718827468993365e+17    -0.9071528407290839          1.8801200368123722e+17    -0.8149364719695893          5.069362000633655e+16    -0.7552886936128688          1.6437383882805008e+17    -0.8387444882889241          4.023278367371177e+16    -0.5958786579915673          2.903711531638794e+16    -0.8083587969524809
4.74189118444832e-21          4.693169415090502e+16    -0.6456682572796947          2.6691588321714956e+16    -0.5909555934327011          1.3011656790106702e+17    -0.8878693007114498          1.859169079877207e+17    -0.8177628923112752          5.0569697114940856e+16    -0.7533477599515084          1.6357689720095245e+17    -0.832830215696962          4.004119547708125e+16    -0.5962975130611559          2.8776577256676176e+16    -0.8092146652908627
4.7910406789634604e-21          4.66629549664285e+16    -0.6461625579899452          2.6541393517028416e+16    -0.5911233206783945          1.3293664791825283e+17    -0.8697005019006325          1.8382541435374966e+17    -0.8206100058208773          5.049155062921898e+16    -0.7507221438911935          1.6163376055124378e+17    -0.833534839762415          3.984892092789732e+16    -0.5966746694401729          2.8534897905671376e+16    -0.8099278184500185
4.840688607309812e-21          4.639531885507974e+16    -0.6466142123945996          2.6392344259916772e+16    -0.5912857085768888          1.3524331289987072e+17    -0.8542610471567896          1.817432937341935e+17    -0.8234558059524452          5.046308783301219e+16    -0.747359418437999          1.5866841439630182e+17    -0.84215034489047          3.965614011962613e+16    -0.597011519638759          2.8290767641060356e+16    -0.8106482038231545
4.8908399102579254e-21          4.61289416079753e+16    -0.6470266559365813          2.624438726755096e+16    -0.591443248456813          1.375228478811772e+17    -0.8382098595584739          1.7967578199639984e+17    -0.8262801829438734          5.047932008860695e+16    -0.7433268739948021          1.561401431657348e+17    -0.8608728431996913          3.9463179699721976e+16    -0.5973115746047153          2.804416216793974e+16    -0.8113758931002478
4.941499576398736e-21          4.586392178547398e+16    -0.6474031757206519          2.609752773346347e+16    -0.5915964118877761          1.4074086021220877e+17    -0.8160490902890674          1.7762754757505075e+17    -0.8290650890093303          5.0532342611680856e+16    -0.7387229092080713          1.5439630510759155e+17    -0.862573762433816          3.9270242208743816e+16    -0.5975785714409425          2.7795056956262344e+16    -0.8121109586651432
4.992672642595559e-21          4.5600160859973384e+16    -0.647743948596246          2.5951721250528012e+16    -0.5917459372115068          1.446013927585242e+17    -0.7906405528429623          1.7560265531346614e+17    -0.8317947229495354          5.060433554921584e+16    -0.7337887598880983          1.527504031661536e+17    -0.863536346405817          3.90774202973727e+16    -0.5978152786260966          2.754342723861461e+16    -0.8128534736021118
5.0443641944386106e-21          4.533747337567088e+16    -0.6480474238383691          2.580688035737091e+16    -0.591892429430738          1.477982873076669e+17    -0.771954671103133          1.7360455690730586e+17    -0.8344555999606068          5.067938529638487e+16    -0.7287417454953855          1.5115296693158262e+17    -0.8642993605171374          3.888449538918357e+16    -0.5980220393782998          2.7289248007981596e+16    -0.8136035117024463
5.096579366705338e-21          4.5075936566701816e+16    -0.6483148928337332          2.5662938519094656e+16    -0.592036316203848          1.49230995860931e+17    -0.7682678047964874          1.716360983514934e+17    -0.8370365533230719          5.074144129585292e+16    -0.7238142348764445          1.495851914028039e+17    -0.8649657861955417          3.869111419259107e+16    -0.5982001430291439          2.703249401548348e+16    -0.8143611474711399
5.149323343824572e-21          4.4815828101226216e+16    -0.6485483994633819          2.55198179942213e+16    -0.5921779734046582          1.4975882416446634e+17    -0.7735142223728324          1.6969954474630762e+17    -0.8395286453318567          5.078162811901323e+16    -0.7191489530866079          1.4803798307584144e+17    -0.8655799219920496          3.8497314866185864e+16    -0.5983529555734505          2.677313976809317e+16    -0.8151264561336212
5.20260136034399e-21          4.4557406192113864e+16    -0.6487496155538759          2.5377568928719116e+16    -0.5923176096975037          1.5003481004517667e+17    -0.7751761890359763          1.6779660899704378e+17    -0.8419250665908611          5.079575977217943e+16    -0.714824810902888          1.465031501533669e+17    -0.8661748103182271          3.83033155406681e+16    -0.5984842057831448          2.6524345456966144e+16    -0.8158403258312427
5.256418701403456e-21          4.4300995651175576e+16    -0.648918916588623          2.52361035755204e+16    -0.5924555805378244          1.4917162476880573e+17    -0.7804409577262486          1.6592849749653107e+17    -0.8442209492796754          5.078563618371967e+16    -0.7108306037289912          1.4497578351490986e+17    -0.8667715522900691          3.810945086669829e+16    -0.5985959929128499          2.6301472444626496e+16    -0.816433763904069
5.310780703211282e-21          4.404693118368058e+16    -0.6490568556802787          2.5095274487180852e+16    -0.5925924000552263          1.478590166384715e+17    -0.7824624426206954          1.640959518037011e+17    -0.8464132213990176          5.074958451211219e+16    -0.7071951956058948          1.4345354418427738e+17    -0.8673831160001328          3.791591945098071e+16    -0.5986904363044183          2.6076343836241028e+16    -0.8170332078928042
5.365692753525396e-21          4.379554932045944e+16    -0.6491625154512967          2.495518546133567e+16    -0.5927282997476048          1.4656910153744566e+17    -0.7839039707666493          1.6229930205242896e+17    -0.8485004102395803          5.068915452625552e+16    -0.7038975355933587          1.4193553256098248e+17    -0.8680172942836477          3.77228900405646e+16    -0.5987689525692125          2.584893731956214e+16    -0.8176387172076798
5.421160292139765e-21          4.354698463341468e+16    -0.6492337777276385          2.481572624014832e+16    -0.5928633394564937          1.4529341019500077e+17    -0.7851329886514694          1.6053852311174502e+17    -0.850482420643123          5.060670439453609e+16    -0.7009141882866105          1.4042203602068478e+17    -0.8686734067104207          3.7530573323161496e+16    -0.5988320394251364          2.5619230366846092e+16    -0.8182503518327229
5.477188811373579e-21          4.3301160454665016e+16    -0.6492691500082028          2.467678388673937e+16    -0.5929979704712863          1.4402966196118627e+17    -0.7862409069741099          1.5881329163756592e+17    -0.8523603045038184          5.050590029290183e+16    -0.6982022006973957          1.3891439865091402e+17    -0.8693507205263936          3.733905569275528e+16    -0.5988791710721726          2.538720023282717e+16    -0.8188681723311507
5.533783856566137e-21          4.305803431763391e+16    -0.6492671022182549          2.453855486876796e+16    -0.5931323713178949          1.4277574066063326e+17    -0.7872782735640969          1.571230356468592e+17    -0.8541360738894268          5.038919312921629e+16    -0.695739339164337          1.3741357876039682e+17    -0.8700505847432618          3.7148228915427304e+16    -0.5989102601206381          2.51528239526682e+16    -0.8194922398508275
5.5909510265764285e-21          4.2817611825742376e+16    -0.6492266246296289          2.4400780699479108e+16    -0.593267222223395          1.4152913140916178e+17    -0.7882776322090007          1.5546698351403456e+17    -0.8558125151936855          5.02584974762235e+16    -0.6935024681889701          1.359200631535323e+17    -0.8707746306288887          3.695799147215656e+16    -0.5989248170461873          2.491607833989168e+16    -0.8201226161297736
5.6486959742859726e-21          4.257996543536085e+16    -0.6491474622287527          2.426371713324393e+16    -0.5934029008139379          1.4028938172678874e+17    -0.7892562336202789          1.5384420716837363e+17    -0.8573930320152857          5.011254125291674e+16    -0.6915090878016091          1.3443336946818122e+17    -0.8715269134881556          3.6768264132660264e+16    -0.5989227690337288          2.4676939984297316e+16    -0.8207593635017096
5.707024407108141e-21          4.234528690412682e+16    -0.6490292776170359          2.4127132459981176e+16    -0.5935397017003115          1.3905559788116043e+17    -0.7902261516841874          1.5225366344419318e+17    -0.858881476363933          4.9950518537714e+16    -0.689760956707029          1.3295207964597118e+17    -0.8723166677583595          3.657908515509956e+16    -0.5989044034076796          2.443538524985283e+16    -0.8214025449016735
5.7659420875002174e-21          4.211390519278787e+16    -0.6488704032532271          2.399109947620136e+16    -0.5936776625609784          1.3782677459433731e+17    -0.7911965785492683          1.5069423299974954e+17    -0.8602819898099405          4.977195272436058e+16    -0.688263589331738          1.3147533185272016e+17    -0.8731481190086546          3.63905950169887e+16    -0.5988703740387863          2.4199938528033932e+16    -0.822028129933194
5.825454833481434e-21          4.188597250485814e+16    -0.6486699433270331          2.385562838623042e+16    -0.5938165958609615          1.366021993777256e+17    -0.7921764362260104          1.4916340150126262e+17    -0.8616017679172763          4.9578721803473944e+16    -0.6869887031807685          1.3000434179048698e+17    -0.8740185810314949          3.6202959228438824e+16    -0.5988209083203174          2.399874173563228e+16    -0.8225567946072327
5.885568519155865e-21          4.166176955364054e+16    -0.6484259538216942          2.372050144412592e+16    -0.5939563642629823          1.353814067333561e+17    -0.793171313661446          1.4765982745278086e+17    -0.8628454667972912          4.937177486248103e+16    -0.6859313054687337          1.2854142537455998e+17    -0.8749206576835231          3.6016267192699244e+16    -0.5987560981430118          2.3795513325688736e+16    -0.823090797559346
5.946289075238683e-21          4.144136014943784e+16    -0.6481378934962753          2.3585940227225536e+16    -0.5940970368353119          1.341642416254149e+17    -0.7941824394800386          1.4618214601194157e+17    -0.8640177963889736          4.915371456404522e+16    -0.6850558309924123          1.2708837140310309e+17    -0.8758483520981385          3.583064582701012e+16    -0.5986756202095994          2.3590233248030024e+16    -0.8236301914733674
6.007622489588838e-21          4.122480042205732e+16    -0.6478051027950568          2.3451847438105596e+16    -0.5942388087938397          1.3295070428195355e+17    -0.7952106723060652          1.4472899211134925e+17    -0.8651234377044431          4.89259193056208e+16    -0.6843477388078755          1.2564586533419891e+17    -0.8767993790888622          3.564611030840959e+16    -0.5985797985282743          2.338288125929491e+16    -0.8241750295407511
6.06957480774602e-21          4.101216083420552e+16    -0.6474271170573523          2.33181242444862e+16    -0.5943817704924804          1.317405663524178e+17    -0.7962588582681761          1.4329900730067664e+17    -0.8661669874103064          4.86894181283973e+16    -0.6837955108209396          1.2420986165581138e+17    -0.877778363887597          3.5462705296127936e+16    -0.5984687037276883          2.3173436921118924e+16    -0.8247253654653418
6.132152133472017e-21          4.080343012369829e+16    -0.6470042739368864          2.318484610181326e+16    -0.5945259309608177          1.3053375560866112e+17    -0.7973294221362512          1.4189085252372312e+17    -0.867152907658012          4.8445499838745944e+16    -0.6833766406827099          1.2278027506417672e+17    -0.8787871909958251          3.5280444335938428e+16    -0.5983427624577206          2.2961879598304116e+16    -0.8252812534681839
6.195360629297575e-21          4.059857354830812e+16    -0.6465372295226449          2.3052058797041964e+16    -0.5946711916792358          1.2933087649821789e+17    -0.7984216494127714          1.4047772138347565e+17    -0.8681436306722413          4.819499183997295e+16    -0.6830773304644511          1.2142844878483418e+17    -0.8795093078437277          3.5099344160033176e+16    -0.5982023423226679          2.27481884569703e+16    -0.825842748292379
6.259206517074766e-21          4.039761208448271e+16    -0.6460263659027146          2.2919668053822024e+16    -0.5948174486428824          1.2813319912407397e+17    -0.7995325479964175          1.3908665515391576e+17    -0.8690777653889126          4.793857980711473e+16    -0.6828881926251603          1.2020665990665942e+17    -0.8797635332773904          3.491938069145147e+16    -0.5980480364095772          2.253234246268765e+16    -0.8264099052079933
6.323696078532681e-21          4.020042845110025e+16    -0.6454731234553535          2.278780044447967e+16    -0.5949645488151329          1.269414885860497e+17    -0.8006569708639265          1.3771670397343907e+17    -0.8699589951615374          4.767721873988549e+16    -0.6827915801085374          1.1898175754744107e+17    -0.8800657752253107          3.4740570190729428e+16    -0.5978803532621426          2.2314320378598016e+16    -0.8269827800169931
6.3888356558407096e-21          4.000693195724837e+16    -0.6448790669604008          2.2656273053235868e+16    -0.5951124727008259          1.2575545001349888e+17    -0.8017936336358416          1.363671063363676e+17    -0.8707905184044021          4.741169183256786e+16    -0.6827754930849113          1.1774198853255675e+17    -0.8804840011814843          3.45629385869386e+16    -0.5976998325756087          2.2094100763510668e+16    -0.8275614290582495
6.4546316521742315e-21          3.981716639976258e+16    -0.6442450052675133          2.252516176925741e+16    -0.5952611283457592          1.2457473750768624e+17    -0.802942174646187          1.3503713574680115e+17    -0.8715751967104517          4.714267824432169e+16    -0.6828301706126855          1.1641872366759136e+17    -0.8813238954692273          3.438478789058073e+16    -0.5975025200281386          2.1871661969989804e+16    -0.8281459092125628
6.5210905322874956e-21          3.96310300754212e+16    -0.6435725596271561          2.2397519481628372e+16    -0.5952560813361892          1.2340001213205355e+17    -0.8041001254430774          1.3372621669240584e+17    -0.8723153873797908          4.6870740406826296e+16    -0.6829478751088807          1.1510600411256165e+17    -0.8821784678329357          3.41958290771007e+16    -0.5973708120862931          2.1646982142417828e+16    -0.8287362779077521
6.5882188230914385e-21          3.943733011022292e+16    -0.6429479761211901          2.226323781941914e+16    -0.5953469296131643          1.222304134326146e+17    -0.8052702891744835          1.3201479861974517e+17    -0.8740064730238013          4.659630312799458e+16    -0.6831221589214658          1.1383691389427334e+17    -0.8828873584511808          3.4005842074421828e+16    -0.5972664333920781          2.1420039215041876e+16    -0.8293325931237873
6.656023114235491e-21          3.922113571291982e+16    -0.6425492874120424          2.213072674886654e+16    -0.5954283036364809          1.2106607873161296e+17    -0.806451738321965          1.3080700368263816e+17    -0.8744882039958249          4.631967655189729e+16    -0.6833473761838312          1.1258924301284371e+17    -0.8835597734066383          3.3816899205532604e+16    -0.5971616548985956          2.1190810910006904e+16    -0.8299349133979586
6.724510058695973e-21          3.900273824737593e+16    -0.6421861710519754          2.199805648077606e+16    -0.5955114549123498          1.1995114255701034e+17    -0.8073482912605785          1.2961299141337598e+17    -0.8749460971711603          4.604108239414674e+16    -0.683618691660163          1.1135034567104696e+17    -0.8842460630553028          3.3629910636157852e+16    -0.5970500121425549          2.10332665525028e+16    -0.830221296549696
6.793686373370204e-21          3.878596448861625e+16    -0.6418162303344209          2.1866971449843556e+16    -0.5956023897553302          1.1892471903824362e+17    -0.80770962464131          1.2843361122957915e+17    -0.8753791049346219          4.576067836085883e+16    -0.6839307688131536          1.1011726350707237e+17    -0.8849611704248035          3.3445797762239548e+16    -0.5969246819861188          2.0875339220841436e+16    -0.8305053278490356
6.863558839674175e-21          3.857393522368757e+16    -0.6414147384656078          2.173599183655735e+16    -0.5957002313952452          1.178977532539017e+17    -0.8081166781453861          1.2726771161972195e+17    -0.8757880213692429          4.547862739673924e+16    -0.684279266033828          1.0889134592862832e+17    -0.8857033425685832          3.326557390873606e+16    -0.5967770304056494          2.071582259709601e+16    -0.830792217480058
6.934134304147297e-21          3.8369035660641336e+16    -0.6409552509675692          2.160633639427246e+16    -0.5958145140880553          1.168643040384481e+17    -0.8085968414519613          1.2611563712266424e+17    -0.876171358670163          4.519511314550491e+16    -0.6846609593858198          1.076747963894008e+17    -0.8864670765125154          3.3090471679228652e+16    -0.5965960953426922          2.0554701050834256e+16    -0.8310819935539961
7.005419679062707e-21          3.817450526117504e+16    -0.6404034273962306          2.1477583376678476e+16    -0.5959495308197402          1.158124176549764e+17    -0.8092602736323977          1.2497779509439414e+17    -0.8765274554494361          4.491027129693509e+16    -0.6850725570338525          1.0646465069521229e+17    -0.8872554711170061          3.29209637679911e+16    -0.5963755460638793          2.0391958801555916e+16    -0.8313746844519788
7.077421943041529e-21          3.7995468086268984e+16    -0.6397059101980935          2.1349333769739348e+16    -0.5961053981381206          1.1468057512644834e+17    -0.8105537468181183          1.2385426149749454e+17    -0.8768561042914302          4.4624251267310536e+16    -0.6855112225748622          1.0525813237574883e+17    -0.88807998377724          3.2754323611065664e+16    -0.5961335975767827          2.022757991729037e+16    -0.8316703188275538
7.150148141675151e-21          3.783216546610117e+16    -0.6388537366099251          2.1221614283566172e+16    -0.5962829344435558          1.1353841477310115e+17    -0.8119660729047202          1.2274500918084107e+17    -0.8771577426385815          4.433497045892642e+16    -0.6858816137193292          1.0405233716052728e+17    -0.8889531382762258          3.258693498242253e+16    -0.5958984628335722          2.006154831317601e+16    -0.8319689256092423
7.223605388150388e-21          3.7674465494988104e+16    -0.6379472115170032          2.109422780876512e+16    -0.5964746924459734          1.1247080542025278e+17    -0.8128980617877555          1.2164993759527851e+17    -0.8774329762929514          4.403803460881789e+16    -0.6860274273415943          1.0284807128114792e+17    -0.8898864891709484          3.241799442564215e+16    -0.595678647700958          1.989384775003302e+16    -0.8322705340031056
7.297800863882842e-21          3.751146333378129e+16    -0.6370975614473288          2.0967081035772504e+16    -0.5966709976711742          1.114316974835033e+17    -0.81367495744071          1.2056900005125146e+17    -0.8776819203361782          4.3741560042070264e+16    -0.6861839977007915          1.0164725149591782e+17    -0.8908619485702092          3.22480486802475e+16    -0.5954712230343064          1.972446183291742e+16    -0.8325751734953458
7.372741819155002e-21          3.734146277789821e+16    -0.6363289206267514          2.0840235005402124e+16    -0.5968654234928431          1.1041014139310272e+17    -0.814386783739498          1.1950213828998747e+17    -0.8779042209039991          4.344475763444491e+16    -0.6863645088865272          1.0045477815795891e+17    -0.8918580020743841          3.207777834683258e+16    -0.5952715889534465          1.9553374009664316e+16    -0.8328828738549262
7.448435573759291e-21          3.716673479738715e+16    -0.6356157897510322          2.0713708519322284e+16    -0.5970556942202456          1.0939853020016821e+17    -0.8150885457829559          1.1844916478537002e+17    -0.8780996561729043          4.3149172595673384e+16    -0.686589646460967          9.927733882442619e+16    -0.8928588322977907          3.1907675422736556e+16    -0.5950757355034563          1.9380567569419844e+16    -0.8331936651362107
7.524889517648348e-21          3.698863706716059e+16    -0.6349491339494702          2.0587726542297144e+16    -0.5972408774636743          1.0839092400322744e+17    -0.8158121697052437          1.1740980425616238e+17    -0.8782683067388728          4.2856345969752584e+16    -0.6869411103943276          9.811488783611461e+16    -0.8938542444873416          3.1738176673329656e+16    -0.5948804441297094          1.9206025641156584e+16    -0.8335075776816349
7.60211111159132e-21          3.680873686113141e+16    -0.6343205684914094          2.0462052516116496e+16    -0.5974225794838879          1.0738483039189162e+17    -0.8165723547031312          1.1638379864784088e+17    -0.8784102846109783          4.25653673834072e+16    -0.6875925221118017          9.696645652120709e+16    -0.8948413522521654          3.156955721340176e+16    -0.5946831010825573          1.9029731192175276e+16    -0.8338246421243996
7.680107887834014e-21          3.662785256386351e+16    -0.6337090184591251          2.033684840557761e+16    -0.5976010192705998          1.0637976195543923e+17    -0.8173696791062127          1.1537109151567094e+17    -0.878525457627738          4.22710898972955e+16    -0.6884146090834968          9.583176189370398e+16    -0.8958190101551649          3.1402025166853784e+16    -0.5944818225366112          1.885166702659773e+16    -0.8341448893911821
7.758887450768158e-21          3.644627027077738e+16    -0.6331129201468516          2.021236064025641e+16    -0.5977766379003798          1.0537708433692277e+17    -0.8181931545688204          1.1437323678704707e+17    -0.8786125150914297          4.197456687004475e+16    -0.6890311069192759          9.471384191962077e+16    -0.89678279242513          3.1235737126317496e+16    -0.5942751444536045          1.8671815783838876e+16    -0.8344683507048842
7.838457477603812e-21          3.626474045572124e+16    -0.6325334608865587          2.008838779481744e+16    -0.5979507328342449          1.0437976984558688e+17    -0.8190279032599502          1.1338772981724245e+17    -0.8786751111724018          4.1678230719165096e+16    -0.6895514825496388          9.361047317210778e+16    -0.8977335921294269          3.1070845008111812e+16    -0.5940620253365153          1.8490159937071732e+16    -0.8347950575873924
7.918825719049709e-21          3.608355201720998e+16    -0.6319691131412546          1.996482444874507e+16    -0.598123906143839          1.0339024771764427e+17    -0.819859916503146          1.1241394534619597e+17    -0.8787146905926824          4.13831464186924e+16    -0.6900274862873461          9.2520852752236e+16    -0.898670494957188          3.0907310154260388e+16    -0.5938421233821776          1.830668179167416e+16    -0.8351250418623717
8.000000000000004e-21          3.59021191947985e+16    -0.6314162794648227          1.984211157067126e+16    -0.5982959383042943          1.0240862206051414e+17    -0.820683326549573          1.1145416625384138e+17    -0.8787299494883585          4.1089006874413224e+16    -0.6904934657636627          9.144532289531226e+16    -0.8995886492722047          3.0745131736074524e+16    -0.5936153977441457          1.8121363483661064e+16    -0.8354583356580856
